.I 1
.N
Ashley
.R
1	4
2	2
3	4
5	2
8	3
9	2
11	1
12	4
16	3
18	4
19	2
21	1
22	1
23	4
24	5
25	4
26	4
29	2

.I 2
.N
Bob
.R
2	2
3	5
4	2
5	1
7	4
8	3
9	4
10	4
11	2
13	4
14	5
17	2
18	5
20	4
21	2
22	4
27	3
28	4
30	4

.I 3
.N
Casey
.R
1	3
3	1
4	1
6	5
7	3
9	3
11	1
12	4
13	2
15	4
18	5
19	3
21	4
22	5
24	1
26	4
27	5
28	3
29	4
30	1

.I 4
.N
Dedmon
.R
2	1
3	1
4	4
6	5
8	1
10	2
11	3
14	3
16	1
17	1
18	2
20	3
21	2
22	5
24	3
26	4
27	2
28	1
29	5
30	4

.I 5
.N
Ellie
.R
1	2
2	3
4	4
5	2
6	2
8	4
9	3
11	5
13	1
14	4
15	1
16	5
17	3
19	5
22	1
24	2
25	3
27	2
28	3
29	4

.I 6
.N
Fareeha
.R
2	1
4	5
5	2
7	2
8	3
9	2
10	3
11	2
13	3
14	5
15	2
16	5
18	5
22	3
24	3
25	3
27	5
28	3
29	4
30	4

.I 7
.N
George
.R
4	1
6	1
7	3
8	3
9	5
10	1
11	1
14	4
15	1
18	1
21	1
22	4
23	5
24	2
25	3
26	1
27	5
28	4
29	3
30	3

.I 8
.N
Hamad
.R
3	5
4	3
6	1
7	2
8	2
9	3
11	5
13	1
14	1
15	4
16	4
17	4
18	2
19	1
22	2
24	5
25	4
27	1
28	5
29	2

.I 9
.N
Indiana
.R
1	3
2	5
3	3
4	1
5	3
6	4
7	2
8	4
9	1
10	5
12	1
13	5
15	3
17	4
18	4
19	2
20	5
21	2
22	5
26	5